48

1 0 0
102 205

3 3 1
0 0
1 0
2 0
0 1
1 1
2 2

3 3 1
0 1
1 2
2 1
1 0
1 1
2 0

3 3 0
0 1
1 2
2 1
1 0
1 1
2 0

10 10 0
10 0
20 0
30 0
40 0
50 0
60 0
70 0
80 0
90 0
100 0
15 10
15 11
35 10
35 11
55 10
55 11
75 10
75 11
95 10
95 11

4 7 1
-62 194
985 411
211 -649
1000 605
242 660
-628 502
277 33
906 -789
-886 -187
-915 119
-148 703

2 2 1
66 -228
-643 -698
566 911
811 -365

6 2 4
-169 435
133 985
281 982
-272 -458
-548 268
-833 -584
-935 79
-383 -300

4 2 3
-52 658
-662 167
-95 573
846 58
552 147
670 611

5 4 0
237 -127
144 -962
614 -163
-907 -884
-713 -224
411 48
-34 -526
-927 -765
282 859



4 4 2
187 606
-548 853
-710 -748
497 -85
47 -569
-505 -74
589 118
-922 978








8 8 2
-141 -995
69 990
178 -323
-339 -455
-854 406
-11 -583
374 -140
69 519
-900 -759
-828 -703
-344 -406
-488 -939
669 -1000
682 -938
-452 857
80 -710








5 7 0
-726 -588
677 456
395 100
984 -169
219 632
651 259
-942 -87
274 -909
-859 688
-998 -559
-442 358
-70 -566

9 1 6
556 -888
729 880
33 985
199 146
-999 -688
132 -6
-585 -838
-372 -396
-367 -203
-42 -970

4 5 0
-725 456
185 738
-873 614
26 -659
-483 -95
-847 12
637 -148
497 -722
470 -261

6 1 0
-717 380
561 -224
-695 966
-733 949
-881 -790
-339 866
904 -175

4 2 1
905 -991
-533 -105
44 -32
-137 500
-182 941
959 -805

1 8 0
152 582
956 -409
-151 -115
257 0
-936 685
-10 303
-951 -919
-814 806
-905 -510

5 8 0
-25 834
301 820
358 -187
-139 823
-539 -421
936 315
57 770
-372 -254
421 -602
-857 847
409 -42
119 -290
-388 184

1 5 0
534 126
-437 875
-881 -850
33 755
-509 76
-808 754

1 8 0
948 275
-132 683
-700 -111
-430 -822
805 724
857 626
-21 -650
-781 -53
-402 -730

3 6 0
737 972
200 -850
393 -19
-837 -176
42 748
-322 -191
724 -313
50 340
-135 6

6 1 0
-724 -689
581 705
-124 541
647 643
799 -311
97 53
897 -651

2 2 1
-487 -553
865 144
151 117
803 -129

6 5 4
373 -240
-789 312
170 -803
-25 290
-880 542
879 -168
-581 897
148 -780
-497 77
747 -707
760 668

1 7 0
193 -280
-352 497
146 -77
-322 826
-101 -3
435 405
-398 -390
-309 654

7 5 5
493 -891
-253 556
93 -512
-919 -839
-760 -668
-786 -580
-223 198
909 749
-731 12
750 -103
493 439
-93 764

5 2 3
-595 -520
620 889
-45 342
-639 -393
525 977
147 260
312 -206

4 8 1
-447 -223
537 -910
-59 595
976 525
-858 -768
672 531
-322 -684
-869 -729
291 713
232 584
736 964
-9 761

8 8 1
239 65
853 257
-935 543
301 541
-824 537
131 413
490 -785
-545 -950
828 296
293 237
787 763
843 126
239 660
-196 316
706 816
-623 -560

9 7 6
472 -663
993 418
289 521
-118 152
-30 -525
-759 279
-716 263
113 559
551 23
78 0
701 430
158 681
126 396
-402 267
-728 597
-757 735

1 6 0
-884 888
-426 137
-545 -343
279 -170
601 238
-57 -30
-568 -575

1 4 0
-759 -771
746 -27
-424 412
-481 262
654 334

8 5 5
-144 -507
-451 -913
888 327
-744 -845
317 379
-476 689
-361 -655
-911 34
129 845
394 -950
-652 805
-750 829
212 354

6 2 3
-279 -768
-946 510
662 -44
-632 277
84 -573
-300 992
376 776
-31 -287

1 9 0
-121 391
-369 -503
-970 212
-323 273
-384 -208
-746 390
389 380
382 991
-917 49
-650 82

3 3 1
947 597
500 767
765 702
704 -573
-852 263
-914 -762

10 5 2
876 -969
-651 -518
-828 993
-341 -203
-922 326
158 92
519 651
150 579
224 64
-649 -109
-516 -740
412 279
281 -641
-647 193
-191 527

4 8 0
708 291
265 252
474 -281
438 -221
-900 -749
981 455
-963 -593
-925 -825
470 173
339 -312
-557 18
-235 122

3 8 2
-837 -422
917 905
789 971
-11 507
-932 -788
-186 -827
-163 522
-630 -20
-108 -809
672 -94
768 778

12 26 3
315 118
917 -335
758 -181
-250 506
921 415
762 690
-707 -536
-370 -201
568 768
-319 -112
-29 673
925 258
67 251
913 -380
962 815
151 163
-750 -444
-20 524
36 557
482 -954
681 -601
-739 575
280 -292
522 328
-329 -742
511 456
-283 959
-217 -493
-709 -260
946 947
-161 -106
-592 -533
492 -216
-811 -222
91 309
945 -767
90 -834
-457 -843

8 4 7
-872 -953
-438 967
243 -362
586 626
501 207
340 -659
-515 652
867 -970
-601 -875
624 228
-498 -954
229 -432

41 15 26
-901 107
686 916
-107 -722
-96 663
-204 -936
-385 223
-129 915
-256 520
754 400
415 863
-745 143
-478 -631
885 644
-642 351
915 310
958 -745
-725 448
317 -615
-477 -518
-836 847
784 906
-922 -743
-848 -524
154 -214
-360 249
-406 -595
-912 -993
611 626
554 -1000
824 89
314 -971
4 320
-721 -355
458 655
-314 666
359 549
468 83
-899 -308
-849 -263
880 252
293 -941
643 919
319 -796
473 797
-614 -673
-142 370
952 135
834 307
994 -497
-122 941
-416 -411
-393 15
-91 -37
-363 -845
30 -54
731 92

16 27 6
-989 -898
-850 684
451 -607
-258 323
841 875
898 -186
-279 -806
-574 321
-743 157
7 -974
324 -995
353 427
718 -488
-435 -894
-1000 -783
288 -398
-916 -277
818 641
866 -132
73 395
-406 199
396 210
-377 365
-195 141
-762 -93
209 -347
-545 -695
-349 -726
279 -2
565 -51
438 -912
-640 -816
-403 135
-938 507
239 309
-206 -367
196 19
239 63
-1 234
553 -887
-626 945
-574 248
150 483

38 42 27
884 -429
-593 781
-484 852
340 993
354 -432
-51 89
-111 609
-771 784
424 -319
-699 -357
580 666
723 -513
7 -274
-166 -726
863 -468
-118 324
595 -533
-192 -548
-291 -616
-881 -52
636 632
354 -917
-234 -61
876 -198
637 -781
-41 -344
-572 -195
-392 -826
-102 -103
-991 525
727 -661
-969 -881
-869 -598
433 -20
-270 611
623 -932
-398 -640
184 838
-520 -503
-54 698
730 -767
-824 669
-152 248
-623 273
-302 -306
544 -256
-346 50
101 -539
-531 468
-963 -855
283 163
-520 559
-947 818
-408 -187
-908 341
173 352
-563 -238
-17 577
140 -34
45 -59
-165 -581
-142 -631
655 885
608 -369
-106 242
-900 -957
-183 616
-818 9
-166 -204
-721 -596
517 -121
182 714
-669 457
188 218
181 76
488 -881
-301 532
807 -85
-333 -837
-160 840

50 50 29
-904 786
161 -152
86 727
-640 635
-191 479
-569 261
-770 394
428 970
-124 -330
-394 -613
65 729
-8 337
484 289
-334 733
616 166
-526 -584
-517 -288
-20 712
698 214
335 -578
-540 127
978 275
517 263
606 186
-103 -764
-896 -325
184 -400
672 -248
307 -145
900 609
75 673
-22 785
714 221
-624 -142
-937 -770
164 -588
214 746
-435 226
-380 362
-566 -235
159 366
59 -888
315 -36
657 -324
441 131
-561 318
695 571
-97 -197
-319 -199
341 -12
-239 247
-340 346
919 -80
181 794
59 466
285 198
-892 546
528 885
155 -492
-18 438
974 386
-462 808
-640 -623
285 -5
435 -843
-94 370
255 770
306 271
109 754
-536 -86
-176 -327
258 353
656 -965
154 -624
-518 -450
-778 -653
678 552
-227 177
683 121
845 -76
-376 -420
-700 -853
279 975
-247 421
-408 732
17 -571
167 115
-660 -423
991 -131
618 -450
599 455
-547 -617
-84 349
-235 -524
-150 350
-762 -598
768 -453
205 622
-115 219
564 791

50 50 0
494 872
295 886
-255 -761
-203 -872
-963 -3
-687 -137
-203 959
738 -350
-991 204
453 -419
-728 -75
-29 342
-798 -717
-264 237
859 489
-378 -124
291 -729
450 130
495 622
-820 -264
-454 33
-487 858
-476 -40
773 355
922 730
701 813
-913 -988
281 113
-605 536
83 -589
-104 -172
560 -885
-351 -846
-658 379
866 -203
-657 -834
-165 125
881 -693
-252 445
-385 241
-575 -237
561 -117
111 -699
-759 -479
974 -797
-463 -599
-585 728
409 140
-433 -902
-974 -120
-113 828
-461 603
936 -2
1 908
936 -586
-313 -572
-9 -471
-19 -216
-680 318
491 -247
-243 68
-717 811
73 253
-728 975
99 208
-684 913
-721 340
835 338
848 -780
-273 535
248 637
516 -638
-696 -428
614 -776
1 294
-21 -727
175 -731
-853 119
-605 256
-229 153
967 128
-847 505
161 -365
613 -380
-257 538
-579 -510
-249 62
-794 -37
171 936
408 -87
-454 -537
-26 -553
-851 435
429 -165
117 654
-266 430
160 8
-845 495
-870 42
843 49

50 50 48
995 683
716 -193
291 116
241 299
-269 -802
187 -583
401 -287
209 -979
-119 -393
710 -993
639 -746
-930 -843
-252 -824
214 91
959 749
-240 -572
-418 193
-613 312
-122 57
462 -806
801 511
595 718
885 659
982 -629
832 -463
24 -891
645 -441
-126 962
103 -916
-857 -712
-672 -913
-998 -461
104 -704
-433 -541
261 -389
-436 435
-519 253
-580 70
435 928
-551 -531
782 -546
445 689
-694 -82
944 -416
-748 950
0 2
265 265
-542 76
525 310
-709 844
760 151
-210 -115
494 959
591 50
381 -108
-17 -484
-818 930
307 -366
-704 -190
-28 293
-811 229
-869 -596
-202 -962
719 -651
-878 -245
-282 467
307 177
-147 359
-433 380
88 796
-357 -140
986 -944
-459 -56
299 42
-252 262
-370 -562
-836 -3
233 -853
741 339
-200 399
-809 -65
765 -310
-12 -575
-608 741
341 463
623 -747
822 -858
-539 736
-380 -314
-940 -57
213 -424
-379 -202
-653 255
788 -488
-324 624
226 -501
-69 292
978 -522
484 -262
-412 389
